4294967279,67
4294967279,66
4294967279,65
4294967279,64
4294967279,63
4294967279,62
4294967279,61
4294967279,60
4294967279,59
4294967279,58
4294967279,57
4294967279,231
4294967279,112
4294967279,110
4294967279,109
4294967279,108
4294967279,107
4294967279,105
4294967279,104
4294967279,103
4294967279,102
4294967279,101
4294967279,100
4294967279,99
4294967279,95
4294967279,93
4294967279,91
4294967279,90
4294967279,89
4294967279,87
4294967279,86
4294967279,85
4294967279,84
4294967279,83
4294967279,82
4294967279,81
4294967279,80
4294967279,79
4294967279,78
4294967279,77
4294967279,76
4294967279,75
4294967279,74
4294967279,73
4294967279,72
4294967279,71
4294967279,70
4294967279,69
4294967279,68
4294967279,111
4294967279,230
4294967279,227
4294967279,225
4294967279,223
4294967279,221
4294967278,218
4294967279,106
4294967279,220
4294967278,274
4294967279,218
4294967294,990
4294967278,351
4294967279,216
28,5
4294967279,214
28,4
4294967278,212
28,3
28,2
28,1
4294967278,350
4294967279,213
4294967279,212
4294967279,543
4294967279,98
4294967278,349
4294967294,163
4294967294,980
4294967279,97
4294967278,348
4294967278,347
4294967279,96
4294967279,209
4294967278,346
4294967279,208
4294967278,206
4294967279,207
4294967279,542
4294967279,94
4294967278,205
4294967279,206
4294967278,204
4294967279,92
4294967279,204
27,5
4294967279,203
27,4
27,3
27,2
27,1
4294967278,345
4294967278,88
4294967278,174
4294967279,202
4294967278,199
4294967278,344
4294967278,343
4294967279,541
4294967294,421
4294967294,407
4294967294,406
4294967294,398
4294967294,466
4294967294,458
4294967294,113
4294967294,449
4294967278,194
4294967278,193
4294967278,188
4294967278,342
4294967278,341
4294967278,340
4294967278,182
4294967278,181
4294967278,180
4294967278,25
4294967278,23
4294967278,22
4294967278,21
4294967278,20
4294967278,19
4294967278,18
4294967278,17
4294967278,15
4294967278,14
4294967278,13
4294967278,265
4294967278,12
4294967278,279
4294967278,11
4294967278,10
4294967278,9
4294967278,8
4294967278,7
4294967278,6
4294967278,5
4294967278,4
4294967279,132
4294967279,131
4294967279,130
4294967279,129
4294967279,128
4294967279,127
4294967279,126
4294967279,125
4294967279,124
4294967279,123
4294967279,122
4294967279,121
4294967279,120
4294967279,119
4294967279,118
4294967279,117
4294967279,116
4294967279,115
4294967279,114
4294967279,113
4294967279,2
4294967279,540
4294967279,539
4294967278,175
4294967278,339
4294967279,538
4294967278,338
4294967294,1153
4294967294,1027
4294967294,976
4294967294,583
4294967294,473
4294967279,537
4294967279,88
4294967278,168
4294967278,164
4294967278,165
4294967278,337
4294967278,163
4294967278,162
4294967294,397
4294967294,400
4294967294,185
4294967294,179
4294967294,408
4294967294,417
4294967294,168
4294967294,1020
4294967294,167
4294967294,169
4294967294,460
4294967294,110
4294967294,111
4294967294,109
4294967294,175
4294967278,336
4294967278,161
4294967278,335
4294967278,334
4294967278,158
4294967278,333
4294967278,157
4294967278,156
4294967278,155
4294967278,275
4294967278,153
23,5
4294967278,152
23,4
23,3
23,2
23,1
4294967279,536
4294967278,151
4294967279,535
4294967278,332
4294967279,534
4294967294,991
4294967294,389
4294967278,331
4294967278,330
4294967278,144
4294967278,143
22,5
4294967278,142
22,4
22,3
22,2
22,1
4294967279,533
4294967278,141
4294967279,532
4294967278,27
4294967279,278
4294967294,387
4294967294,388
4294967278,329
4294967278,26
4294967279,531
4294967278,24
4294967278,284
4294967278,135
4294967279,135
4294967278,134
4294967279,274
4294967278,133
4294967279,275
4294967279,530
4294967278,272
4294967279,273
4294967278,16
4294967279,272
20,4
20,3
20,2
20,1
4294967279,271
4294967278,328
4294967279,269
4294967279,285
4294967279,529
4294967279,528
4294967294,120
4294967294,114
4294967279,266
4294967279,527
4294967279,265
4294967294,170
4294967294,979
4294967294,978
4294967294,1026
4294967294,988
4294967294,189
4294967279,264
4294967279,526
4294967278,38
4294967278,37
4294967278,36
4294967278,35
4294967278,34
4294967278,33
4294967278,32
4294967278,31
4294967278,30
4294967278,29
4294967278,28
4294967279,24
4294967279,22
4294967279,20
4294967279,18
4294967279,17
4294967279,16
4294967279,15
4294967279,14
4294967279,13
4294967278,327
4294967279,283
4294967279,261
4294967279,525
19,6
4294967279,282
19,5
19,4
4294967279,280
19,3
19,2
19,1
4294967279,279
4294967278,326
4294967279,524
4294967278,325
4294967294,439
4294967294,395
4294967294,390
4294967278,324
4294967279,523
4294967279,522
4294967278,323
4294967278,258
4294967278,322
4294967294,37
4294967294,36
4294967294,29
4294967279,521
4294967279,520
4294967278,257
4294967278,321
4294967278,256
4294967278,249
4294967278,253
4294967278,251
4294967278,250
4294967294,40
4294967294,39
4294967294,107
4294967278,247
4294967294,42
4294967278,245
4294967278,244
4294967294,16
4294967294,15
4294967294,53
